label		:				 25
mass_exp	:                 125.0
mass_pole	:                 0.0
width_exp   :                 0.00414
width_LO    :                 0.00329
width_NLO   :                 0.00414
elec        :                 0.0
