label		:				 23
mass_exp	:                 91.18760
mass_pole	:                 0.0
width_exp   :                 2.49520
width_LO    :                 0.0
width_NLO   :                 0.0
elec        :                 0.0
